     0    1.0000    1.0000    1.0000
0.0526    0.9474    0.9474    0.9474
0.1053    0.8947    0.8947    0.8947
0.1579    0.8421    0.8421    0.8421
0.2105    0.7895    0.7895    0.7895
0.2632    0.7368    0.7368    0.7368
0.3158    0.6842    0.6842    0.6842
0.3684    0.6316    0.6316    0.6316
0.4211    0.5789    0.5789    0.5789
0.4737    0.5263    0.5263    0.5263
0.5263    0.4737    0.4737    0.4737
0.5789    0.4211    0.4211    0.4211
0.6316    0.3684    0.3684    0.3684
0.6842    0.3158    0.3158    0.3158
0.7368    0.2632    0.2632    0.2632
0.7895    0.2105    0.2105    0.2105
0.8421    0.1579    0.1579    0.1579
0.8947    0.1053    0.1053    0.1053
0.9474    0.0526    0.0526    0.0526
1.0000         0         0         0