         0    0.2000    0.2000    0.2000
    0.0081    0.2065    0.2065    0.2065
    0.0163    0.2130    0.2130    0.2130
    0.0244    0.2195    0.2195    0.2195
    0.0325    0.2260    0.2260    0.2260
    0.0407    0.2325    0.2325    0.2325
    0.0488    0.2390    0.2390    0.2390
    0.0569    0.2455    0.2455    0.2455
    0.0650    0.2520    0.2520    0.2520
    0.0732    0.2585    0.2585    0.2585
    0.0813    0.2650    0.2650    0.2650
    0.0894    0.2715    0.2715    0.2715
    0.0976    0.2780    0.2780    0.2780
    0.1057    0.2846    0.2846    0.2846
    0.1138    0.2911    0.2911    0.2911
    0.1220    0.2976    0.2976    0.2976
    0.1301    0.3041    0.3041    0.3041
    0.1382    0.3106    0.3106    0.3106
    0.1463    0.3171    0.3171    0.3171
    0.1545    0.3236    0.3236    0.3236
    0.1626    0.3301    0.3301    0.3301
    0.1707    0.3366    0.3366    0.3366
    0.1789    0.3431    0.3431    0.3431
    0.1870    0.3496    0.3496    0.3496
    0.1951    0.3561    0.3561    0.3561
    0.2033    0.3626    0.3626    0.3626
    0.2114    0.3691    0.3691    0.3691
    0.2195    0.3756    0.3756    0.3756
    0.2276    0.3821    0.3821    0.3821
    0.2358    0.3886    0.3886    0.3886
    0.2439    0.3951    0.3951    0.3951
    0.2520    0.4016    0.4016    0.4016
    0.2602    0.4081    0.4081    0.4081
    0.2683    0.4146    0.4146    0.4146
    0.2764    0.4211    0.4211    0.4211
    0.2846    0.4276    0.4276    0.4276
    0.2927    0.4341    0.4341    0.4341
    0.3008    0.4407    0.4407    0.4407
    0.3089    0.4472    0.4472    0.4472
    0.3171    0.4537    0.4537    0.4537
    0.3252    0.4602    0.4602    0.4602
    0.3333    0.4667    0.4667    0.4667
    0.3415    0.4732    0.4732    0.4732
    0.3496    0.4797    0.4797    0.4797
    0.3577    0.4862    0.4862    0.4862
    0.3659    0.4927    0.4927    0.4927
    0.3740    0.4992    0.4992    0.4992
    0.3821    0.5057    0.5057    0.5057
    0.3902    0.5122    0.5122    0.5122
    0.3984    0.5187    0.5187    0.5187
    0.4065    0.5252    0.5252    0.5252
    0.4146    0.5317    0.5317    0.5317
    0.4228    0.5382    0.5382    0.5382
    0.4309    0.5447    0.5447    0.5447
    0.4390    0.5512    0.5512    0.5512
    0.4472    0.5577    0.5577    0.5577
    0.4553    0.5642    0.5642    0.5642
    0.4634    0.5707    0.5707    0.5707
    0.4715    0.5772    0.5772    0.5772
    0.4797    0.5837    0.5837    0.5837
    0.4878    0.5902    0.5902    0.5902
    0.4959    0.5967    0.5967    0.5967
    0.5041    0.6033    0.6033    0.6033
    0.5122    0.6098    0.6098    0.6098
    0.5203    0.6163    0.6163    0.6163
    0.5285    0.6228    0.6228    0.6228
    0.5366    0.6293    0.6293    0.6293
    0.5447    0.6358    0.6358    0.6358
    0.5528    0.6423    0.6423    0.6423
    0.5610    0.6488    0.6488    0.6488
    0.5691    0.6553    0.6553    0.6553
    0.5772    0.6618    0.6618    0.6618
    0.5854    0.6683    0.6683    0.6683
    0.5935    0.6748    0.6748    0.6748
    0.6016    0.6813    0.6813    0.6813
    0.6098    0.6878    0.6878    0.6878
    0.6179    0.6943    0.6943    0.6943
    0.6260    0.7008    0.7008    0.7008
    0.6341    0.7073    0.7073    0.7073
    0.6423    0.7138    0.7138    0.7138
    0.6504    0.7203    0.7203    0.7203
    0.6585    0.7268    0.7268    0.7268
    0.6667    0.7333    0.7333    0.7333
    0.6748    0.7398    0.7398    0.7398
    0.6829    0.7463    0.7463    0.7463
    0.6911    0.7528    0.7528    0.7528
    0.6992    0.7593    0.7593    0.7593
    0.7073    0.7659    0.7659    0.7659
    0.7154    0.7724    0.7724    0.7724
    0.7236    0.7789    0.7789    0.7789
    0.7317    0.7854    0.7854    0.7854
    0.7398    0.7919    0.7919    0.7919
    0.7480    0.7984    0.7984    0.7984
    0.7561    0.8049    0.8049    0.8049
    0.7642    0.8114    0.8114    0.8114
    0.7724    0.8179    0.8179    0.8179
    0.7805    0.8244    0.8244    0.8244
    0.7886    0.8309    0.8309    0.8309
    0.7967    0.8374    0.8374    0.8374
    0.8049    0.8439    0.8439    0.8439
    0.8130    0.8504    0.8504    0.8504
    0.8211    0.8569    0.8569    0.8569
    0.8293    0.8634    0.8634    0.8634
    0.8374    0.8699    0.8699    0.8699
    0.8455    0.8764    0.8764    0.8764
    0.8537    0.8829    0.8829    0.8829
    0.8618    0.8894    0.8894    0.8894
    0.8699    0.8959    0.8959    0.8959
    0.8780    0.9024    0.9024    0.9024
    0.8862    0.9089    0.9089    0.9089
    0.8943    0.9154    0.9154    0.9154
    0.9024    0.9220    0.9220    0.9220
    0.9106    0.9285    0.9285    0.9285
    0.9187    0.9350    0.9350    0.9350
    0.9268    0.9415    0.9415    0.9415
    0.9350    0.9480    0.9480    0.9480
    0.9431    0.9545    0.9545    0.9545
    0.9512    0.9610    0.9610    0.9610
    0.9593    0.9675    0.9675    0.9675
    0.9675    0.9740    0.9740    0.9740
    0.9756    0.9805    0.9805    0.9805
    0.9837    0.9870    0.9870    0.9870
    0.9919    0.9935    0.9935    0.9935
    1.0000    1.0000    1.0000    1.0000