     0      0      0 0.5625
0.0159      0      0 0.6250
0.0317      0      0 0.6875
0.0476      0      0 0.7500
0.0635      0      0 0.8125
0.0794      0      0 0.8750
0.0952      0      0 0.9375
0.1111      0      0 1.0000
0.1270      0 0.0625 1.0000
0.1429      0 0.1250 1.0000
0.1587      0 0.1875 1.0000
0.1746      0 0.2500 1.0000
0.1905      0 0.3125 1.0000
0.2063      0 0.3750 1.0000
0.2222      0 0.4375 1.0000
0.2381      0 0.5000 1.0000
0.2540      0 0.5625 1.0000
0.2698      0 0.6250 1.0000
0.2857      0 0.6875 1.0000
0.3016      0 0.7500 1.0000
0.3175      0 0.8125 1.0000
0.3333      0 0.8750 1.0000
0.3492      0 0.9375 1.0000
0.3651      0 1.0000 1.0000
0.3810 0.0625 1.0000 0.9375
0.3968 0.1250 1.0000 0.8750
0.4127 0.1875 1.0000 0.8125
0.4286 0.2500 1.0000 0.7500
0.4444 0.3125 1.0000 0.6875
0.4603 0.3750 1.0000 0.6250
0.4762 0.4375 1.0000 0.5625
0.4921 0.5000 1.0000 0.5000
0.5079 0.5625 1.0000 0.4375
0.5238 0.6250 1.0000 0.3750
0.5397 0.6875 1.0000 0.3125
0.5556 0.7500 1.0000 0.2500
0.5714 0.8125 1.0000 0.1875
0.5873 0.8750 1.0000 0.1250
0.6032 0.9375 1.0000 0.0625
0.6190 1.0000 1.0000      0
0.6349 1.0000 0.9375      0
0.6508 1.0000 0.8750      0
0.6667 1.0000 0.8125      0
0.6825 1.0000 0.7500      0
0.6984 1.0000 0.6875      0
0.7143 1.0000 0.6250      0
0.7302 1.0000 0.5625      0
0.7460 1.0000 0.5000      0
0.7619 1.0000 0.4375      0
0.7778 1.0000 0.3750      0
0.7937 1.0000 0.3125      0
0.8095 1.0000 0.2500      0
0.8254 1.0000 0.1875      0
0.8413 1.0000 0.1250      0
0.8571 1.0000 0.0625      0
0.8730 1.0000      0      0
0.8889 0.9375      0      0
0.9048 0.8750      0      0
0.9206 0.8125      0      0
0.9365 0.7500      0      0
0.9524 0.6875      0      0
0.9683 0.6250      0      0
0.9841 0.5625      0      0
1.0000 0.5000      0      0